1081
1090
1175
1183
1199
1223
1224
1225
1231
1232
1235
1256
1260
1274
1278
1282
1299
1300
1305
1315
1326
1329
1331
1337
1355
1356
1364
1369
1381
1384
1385
1386
1389
1390
1391
1392
1393
1394
1395
1396
1397
1398
1399
1400
1401
1402
1403
1404
1405
1406
1407
1408
1409
1410
1411
1412
1413
1414
1416
1417
1420
1422
1432
1433
1434
1435
1436
1437
1438
1439
1440
1441
1442
1443
1444
1445
1446
1447
1448
1449
1450
1451
1452
1453
1454
1455
1456
1457
1458
1459
1460
1461
1462
1463
1464
1465
1466
1467
1468
1469
1470
1471
1472
1473
1474
1475
1476
1477
1478
1479
1480
1481
1484
1487
1495
1497
1498
1499
1507
1508
1509
1510
1523
1527
1536
1549
1553
1555
1556
1558
1560
1567
1568
1569
1577
1581
1582
1583
1584
1590
1592
1593
1594
1596
1597
1610
1611
1612
1616
1622
1624
1626
1629
1631
1633
1636
1638
1751
1752
1753
1754
1755
1756
1757
1758
1759
1760
1761
1762
1763
1764
1765
1766
1767
1768
1769
1770
1771
1772
1773
1774
1775
1776
1777
1778
1779
1780
1781
1782
1783
1784
1785
1786
1816
1823
1850
1860
1921
1934
1956
1964
1965
1975
1993
1994
1997
2002
2041
2056
2059
2060
2061
2062
2063
2064
2065
2066
2067
2068
2069
2070
2071
2072
2073
2074
2075
2076
2077
2078
2079
2080
2081
2082
2091
2126
2127
2128
2129
2130
2131
2132
2134
2136
2146
2156
2171
2174
2182
2185
2187
2208
2220
2222
2224
2227
2237
2252
2253
2260
2261
2269
2306
2322
2331
2332
2335
2338
2339
2362
2386
2390
2393
2394
2395
2396
2397
2398
2399
2400
2401
2402
2403
2404
2405
2406
2407
2408
2409
2410
2413
2414
2427
2428
2429
2430
2431
2433
2435
2438
2439
2440
2441
2442
2444
2445
2446
2447
2448
2450
2451
2452
2453
2454
2455
2456
2458
2459
2460
2461
2462
2463
2464
2465
2466
2467
2469
2470
2471
2472
2473
2474
2475
2476
2477
2478
2480
2481
2483
2485
2486
2491
2492
2493
2495
2496
2500
2503
2506
2508
2510
2511
2516
2517
2518
2519
2520
2521
2522
2524
2526
2527
2528
2529
2530
2531
2532
2533
2535
2536
2538
2540
2541
2542
2543
2545
2546
2547
2548
2549
2550
2551
2552
2558
2559
2562
2563
2564
2566
2567
2568
2569
2570
2576
2582
2588
2589
2590
2596
2597
2598
2600
2604
2608
2615
2616
2617
2618
2621
2622
2623
2624
2625
2626
2627
2628
